0 0 0 20
0 1 8 20
0 2 7 20
0 3 6 20
0 4 5 20
0 5 4 20
0 6 3 20
0 7 2 20
0 8 1 20
0 9 0 20
0 10 8 20
0 11 7 20
0 12 6 20
0 13 5 20
0 14 4 20
1 0 0 20
1 1 8 20
1 2 7 20
1 3 6 20
1 4 5 20
1 5 4 20
1 6 3 20
1 7 2 20
1 8 1 20
1 9 0 20
1 10 8 20
1 11 7 20
1 12 6 20
1 13 5 20
1 14 4 20
1 15 3 20
0.50
0 0 0 0
0 1 8 0
0 2 7 0
0 3 6 0
0 4 5 0
0 5 4 0
0 6 3 0
0 7 2 0
0 8 1 0
0 9 0 0
0 10 8 0
0 11 7 0
0 12 6 0
0 13 5 0
0 14 4 0
1 0 0 0
1 1 8 0
1 2 7 0
1 3 6 0
1 4 5 0
1 5 4 0
1 6 3 0
1 7 2 0
1 8 1 0
1 9 0 0
1 10 8 0
1 11 7 0
1 12 6 0
1 13 5 0
1 14 4 0
1 15 3 0

0 4 8 20
0 5 7 20
0 6 6 20
0 7 5 20
0 8 4 20
0 9 3 20
0 10 2 20
0 11 1 20
0 12 0 20
1 4 8 20
1 5 7 20
1 6 6 20
1 7 5 20
1 8 4 20
1 9 3 20
1 10 2 20
1 11 1 20
1 12 0 20
30.00
0 4 8 0
0 5 7 0
0 6 6 0
0 7 5 0
0 8 4 0
0 9 3 0
0 10 2 0
0 11 1 0
0 12 0 0
1 4 8 0
1 5 7 0
1 6 6 0
1 7 5 0
1 8 4 0
1 9 3 0
1 10 2 0
1 11 1 0
1 12 0 0
